Alfredo Boyardee
HappyKitten
iamfromchina
LunaDancer
132011
1483053
1758039
2213705
3352440
969946
1966934
3381619
3260111
2484030
2335961
lauki
playultm8
852958
2237038
Hellux
437479
ryllwyn
806486
Chenny
Vicerious
62192
cabbagesoup
736158
1483803
394715
2117907
1787271
Name Guy Man
Akatosh
91072
580686
2460823
2977283
2139550
2246666
684704
2265428
3084638
HonourKissing
HerrKapital
1965526
2093665
19631
452917
Spazmodic
1817203
1295152
2063127
Verus
mrkol
660183
Ryu King
kissel92
1816430
664493
1224887
2339258
1794767
1668832
1675227
1758022
1675229
1794814
879233
349293
1452042
2859323
454500
Shadoweh
2442999
3222068
1216891
1787572
tangenttales
168558
591276
3509653
wshs
1759194
1959735
661321
62318
792680
1611138
616548
1991839
2865194
